{
    "acuracy": 94.9290780141844,
    "precision": 93.57045143638851,
    "recall": 96.54199011997177
}